 .0000128,-1.38e-06,-1.26e-06,   .00001, 7.92e-06, 8.73e-07, .0000825,
-1.38e-06, .0000102,-8.26e-07,-3.73e-06, 3.95e-06, 1.42e-06, .0291264,
-1.26e-06,-8.26e-07, 2.45e-06,-2.27e-06,-.0000103,-8.45e-07,-.0025137,
   .00001,-3.73e-06,-2.27e-06, .0000588, .0000289, 4.17e-07, .0119186,
 7.92e-06, 3.95e-06,-.0000103, .0000289, .0001988, 4.92e-06,  .018957,
 8.73e-07, 1.42e-06,-8.45e-07, 4.17e-07, 4.92e-06, 3.00e-06, .0045191,
 .0000825, .0291264,-.0025137, .0119186,  .018957, .0045191, 350.8426,


