 .0000128, -.000136,-1.25e-06, 9.99e-06, 7.97e-06, .0003674, .0000638,
 -.000136, .1020605,-.0000837,-.0003726,  .000391,  .060606, 2.919238,
-1.25e-06,-.0000837, 2.44e-06,-2.25e-06,-.0000103, -.000358,-.0025232,
 9.99e-06,-.0003726,-2.25e-06, .0000587, .0000288, .0001767, .0119056,
 7.97e-06,  .000391,-.0000103, .0000288, .0001984, .0021006, .0190526,
 .0003674,  .060606, -.000358, .0001767, .0021006,  .555515, 1.912436,
 .0000638, 2.919238,-.0025232, .0119056, .0190526, 1.912436, 351.0862,


