 .0000128,-1.38e-06,-1.27e-06,   .00001, 7.90e-06, 8.59e-07, .0000879,
-1.38e-06, .0000102,-8.22e-07,-3.73e-06, 3.96e-06, 1.39e-06, .0291046,
-1.27e-06,-8.22e-07, 2.45e-06,-2.27e-06,-.0000103,-8.29e-07,-.0025099,
   .00001,-3.73e-06,-2.27e-06, .0000588, .0000289, 4.09e-07, .0119227,
 7.90e-06, 3.96e-06,-.0000103, .0000289, .0001989, 4.82e-06, .0189258,
 8.59e-07, 1.39e-06,-8.29e-07, 4.09e-07, 4.82e-06, 2.86e-06, .0044356,
 .0000879, .0291046,-.0025099, .0119227, .0189258, .0044356, 350.7576,


